100 
26047 4362 87121.479075 87121.479075 
27225 5385 141469.425733 90530.746474 
20927 5213 30629.032504 21766.692092 
34745 5015 46736.114147 16401.343633 
19906 4996 189504.248960 80852.833168 
26061 5059 100276.284061 127879.301789 
28065 5522 175679.066177 99106.561224 
17180 4876 138705.702247 52391.332915 
31473 4471 41541.886160 132794.179383 
15739 4849 106387.857293 183831.365758 
21671 5051 128784.451105 217862.336347 
27829 7252 177057.269511 52447.997982 
19381 4043 36995.157499 154489.183150 
21626 6791 94675.171539 170646.207299 
25492 5058 117914.111344 129895.235821 
23431 5932 56278.601186 81894.952304 
23439 6122 103092.179341 55298.906196 
29333 4859 30350.617146 118264.156987 
20514 5500 178226.813471 44506.236606 
27130 4083 195591.874447 63309.064084 
24158 5738 165222.971204 159063.965460 
24945 6018 76569.465814 207668.591923 
28870 4785 80169.804830 57782.609828 
25143 5000 134576.335668 83736.357866 
34012 5978 188601.592638 220074.087703 
19678 4003 66592.845386 36232.163434 
23595 6426 169372.012744 34957.903628 
26484 4747 117477.901073 20083.893718 
22233 6160 119696.414235 139139.998986 
34064 3166 53762.638144 165985.646325 
22480 3371 23111.722724 119595.052307 
18084 4657 110027.360849 119902.094572 
25521 5879 183985.739308 62148.764289 
21695 5614 96046.713502 160439.987995 
28349 2041 70170.612546 83962.634537 
35673 5327 34761.179318 187608.803470 
22455 5806 60650.817548 80059.066880 
16339 4286 152252.681297 121872.686271 
27227 3090 174641.188509 180308.422944 
21634 6110 122875.520390 86379.958041 
34926 3485 92913.477100 27071.531888 
28723 5862 127984.147034 54449.893869 
34138 5859 82735.171479 132564.567846 
21725 5734 55293.430727 183295.193791 
20498 6784 96660.991455 97321.443149 
15160 5562 111597.817071 92640.378316 
28252 5037 55071.886674 50071.298973 
25453 5025 41566.981994 165667.995835 
27735 4278 25318.569076 41804.798951 
26758 4512 21389.125241 173159.398524 
29602 3647 145017.817691 55853.496740 
19134 6415 16869.326022 180244.443297 
24497 4820 138207.581073 33672.851589 
26774 3989 46481.709558 16565.449544 
28137 3382 29162.041172 123497.105340 
30039 5424 174668.824897 144285.914332 
18107 5513 214073.639592 80257.727508 
19180 4198 201330.919156 127669.391275 
31552 6349 104683.552989 125365.876911 
32180 6238 99600.323878 61261.076519 
25066 4822 41063.549661 19506.831094 
22033 4385 183420.422694 43062.200552 
32436 5424 92469.642707 186501.062049 
22220 5740 94887.243322 142966.447065 
22193 5444 200909.977842 30880.531606 
24679 5643 118395.172134 90903.471063 
21556 4184 172720.523286 189727.053911 
19244 5917 111037.424425 211990.342865 
34355 4702 200060.552723 140190.689695 
18537 4869 49307.062048 80194.137247 
28763 6193 113480.274460 47112.860833 
32250 5143 172039.820135 211944.026259 
25778 4780 54273.521194 161831.873563 
27677 3911 151057.926641 156198.415081 
18468 4453 201035.025191 53238.834135 
33206 5283 156005.733434 131559.693322 
28640 5897 75147.806873 143108.128824 
21298 6320 33383.362467 203631.230879 
35238 5415 148785.750560 174692.819404 
31131 5484 102401.752246 16753.268229 
26400 4457 185405.194007 79495.223630 
29135 5646 97726.404590 113353.362312 
17745 4839 110639.144180 23037.036026 
25178 4362 79346.270438 63910.831904 
28828 4754 21234.885593 40882.070027 
21892 5118 94887.304721 54734.265938 
27064 5182 46848.102556 156830.406362 
25082 4518 65195.528647 67048.060792 
18862 5165 187567.163162 76272.346962 
23189 5157 157303.441752 141687.292960 
20740 4578 156066.267731 33633.313929 
17135 2798 67557.574167 176676.053611 
21391 5467 203852.194019 145758.289790 
28144 4699 125606.801024 83360.628564 
27561 5568 218320.232161 62473.580347 
34324 5163 93620.330929 133258.506726 
18865 4847 93204.855516 33668.758256 
24356 5155 156417.350465 156772.226427 
18116 4876 21189.485302 170370.916293 
17938 6815 208167.730424 41736.503197 
